1 0 0 2
2 2 0 2
3 2 2 2
4 0 2 2
5 0 0 3
6 2 0 3
7 2 2 3
8 0 2 3
9 1 1 3
10 1 1 4

139 0 7 0
140 0 7 2 
11 0 0.5 1.1
12 0 0.8 1.1
13 0 0.5 1.8
14 0 0.8 1.8

15 0 0 2
16 2 0 2
17 2 0 1.1
18 0 0 1.1

19 0 0 1.1
20 2 0 1.1
21 2 2 1.1
22 0 2 1.1
23 0.5 0 2.8
24 0.8 0 2.8
25 0.5 0 2.4
26 0.8 0 2.4
27 1.8 0 1.5
28 1.8 0 1.8
29 1.4 0 1.5
30 1.4 0 1.8

31 0 1 3
32 1 0 3
33 2 1 3
34 1 2 3

35 2 1.8 1.5
36 2 1.8 1.8
37 2 1.4 1.5
38 2 1.4 1.8

39 2 0.5 2.8
40 2 0.8 2.8
41 2 0.5 2.4
42 2 0.8 2.4

43 0 1.8 1.5
44 0 1.8 1.8
45 0 1.4 1.5
46 0 1.4 1.8

47 0 2 3
48 0 1.7 3
49 0 1.7 3.5
50 0 2 3.5

51 0.3 2 3
52 0.3 1.7 3
53 0.3 1.7 3.5
54 0.3 2 3.5

55 0 0.5 2.8
56 0 0.8 2.8
57 0 0.5 2.4
58 0 0.8 2.4

59 0.5 2.8 0
60 0.8 2.8 0
61 0.5 2.4 0
62 0.8 2.4 0


Faces:
5 6 10.
6 7 10.
7 8 10.
8 5 10.

1 2.
2 3.
3 4.
4 1.

11 13 14 12.
12 14 13 11.

16 17.
18 15.
19 20.
20 21.
20 21.
21 22.
21 22.
22 19.



23 24.
26 24.  
25 23.
25 26.

27 28.
30 28.
29 27.
29 30.

35 36.
38 36.
37 35.
37 38.

39 40.
42 40.
41 39.
41 42.

43 44.
46 44.
45 43.
45 46.

55 56.
58 56.
57 55.
57 58.

31 10.
32 10.
33 10.
34 10.

47 48 49 50.
50 49 48 47.

51 54 53 52.
52 53 54 51.

51 47 50 54.
54 50 47 51.
48 52 53 49.
49 53 52 48.

4 22 21 3.
3 21 22 4.
1 19 20 2.
22 4 1 19.
19 1 4 22.
21 3 2 20.


5 1 2 6.
6 2 1 5.
7 3 4 8.
8 4 3 7.
2 6 7 3.
3 7 6 2.
6 2 8 4.
5 1 4 8.
8 4 1 5.


7 6 5 6.
8 7 8 5.
5 8 7 8.